12 16 4 2 1 5 6 13 1 16 6 16 11 8 15 3 14
5 6 10 3 16 7 14 9 16 15 14 3 1 2 5 17 13
3 16 6 13 5 4 15 2 14 12 10 10 17 3 7 15 15
6 9 4 15 13 2 4 1 2 5 12 13 6 3 7 10 14
16 3 17 5 6 14 12 4 15 12 1 9 8 13 12 6 5
10 2 7 12 4 1 8 11 10 4 13 6 9 5 4 13 2
4 4 13 12 9 11 5 15 3 15 15 7 16 11 2 1 8
13 15 11 7 4 6 2 12 5 10 14 16 11 9 14 2 1
15 11 4 6 7 10 16 3 2 12 14 5 8 1 12 7 2
6 16 5 17 14 10 11 9 16 7 9 3 4 12 13 12 2
11 5 2 4 14 9 13 17 13 3 6 11 12 14 16 15 7
9 16 3 13 11 12 17 5 7 4 8 15 8 6 16 14 14
10 4 3 8 13 13 3 7 13 14 2 14 15 11 5 6 16
6 16 12 14 2 5 7 14 8 11 16 10 13 15 3 9 15
11 13 10 10 1 6 14 15 5 6 3 2 1 12 17 4 4
2 14 15 9 7 8 1 16 16 7 4 13 5 10 6 11 15
13 1 13 5 12 12 9 8 4 14 13 17 10 10 11 16 6