9 4 12 3 15 13 1 2 7 14 10 5 16 3 11 17 6
8 8 11 10 13 5 6 9 11 12 14 4 3 15 6 9 10
4 2 10 1 8 14 11 17 16 1 15 7 12 12 3 6 15
6 15 1 14 4 8 16 11 9 4 1 4 3 7 13 3 14
6 6 14 12 9 15 5 9 2 10 8 16 13 4 6 16 3
12 9 9 17 2 7 11 14 8 6 13 3 16 8 2 13 6
7 6 8 4 6 16 13 15 17 8 3 12 14 15 5 15 11
13 16 5 11 7 10 13 1 4 9 6 3 8 3 16 2 5
4 3 4 13 5 4 10 3 16 9 15 1 7 2 14 7 9
2 12 15 3 16 1 15 8 5 14 6 6 7 15 17 13 5
14 8 16 9 2 12 2 14 6 15 7 11 7 17 10 5 13
5 11 13 16 14 13 2 15 10 7 12 13 17 10 9 1 13
10 4 13 16 7 15 4 5 12 15 11 9 15 16 5 8 2
9 7 5 2 11 13 14 10 2 16 13 2 6 5 4 12 13
15 3 6 7 5 11 8 1 14 13 6 2 4 12 16 10 1
16 5 1 15 10 15 17 13 3 13 2 8 11 6 8 11 12
11 13 15 15 12 2 7 3 16 11 4 12 9 5 10 16 7