11 5 4 5 14 12 15 2 1 13 2 8 6 3 1 13 9
4 11 7 12 5 14 1 3 10 6 4 12 8 2 13 15 16
5 14 10 13 11 15 5 2 16 14 11 1 10 1 8 4 2
12 12 3 6 8 8 17 15 5 1 14 7 11 9 9 13 4
2 15 5 11 7 10 3 16 14 9 17 13 10 4 8 7 3
1 4 8 9 2 10 10 8 8 16 7 13 13 17 11 6 11
10 13 6 14 16 3 2 11 12 8 15 5 6 16 4 1 1
15 9 4 8 4 7 5 13 11 10 12 16 14 11 3 1 4
1 2 16 5 15 9 8 17 13 11 4 4 7 8 14 6 9
8 8 14 4 1 11 16 16 7 13 3 17 5 13 2 5 15
6 3 11 13 16 16 9 8 8 17 4 10 2 2 1 7 14
16 6 16 7 14 1 13 4 11 9 8 16 12 14 5 17 8
9 1 15 16 6 17 13 9 5 3 13 4 5 7 12 14 10
9 16 12 16 13 6 15 10 15 14 15 11 16 4 5 2 7
10 5 7 12 9 16 7 9 4 2 15 14 13 6 14 11 12
17 7 10 5 11 8 14 5 5 4 6 10 8 15 16 3 13
13 10 1 2 10 12 3 14 17 5 13 15 4 1 11 13 6