5 5 16 12 2 14 5 7 9 13 2 8 2 1 5 11 6
16 3 16 6 10 4 5 14 8 7 9 13 15 7 17 1 2
9 5 15 4 15 10 14 7 1 5 13 17 5 11 5 2 3
13 12 8 17 3 7 4 5 4 1 14 1 6 12 11 4 15
5 9 13 11 7 12 15 10 13 9 12 3 16 2 8 14 1
14 13 11 17 13 16 4 12 6 6 8 1 9 17 10 4 5
13 2 13 13 15 13 1 16 6 3 12 11 8 10 14 7 14
7 1 2 16 9 17 11 17 14 9 15 4 8 13 2 5 10
1 11 10 13 4 5 16 2 7 15 11 6 7 8 1 9 1
10 14 5 1 16 8 3 13 11 4 6 13 5 4 15 3 7
12 5 9 8 16 5 13 3 7 16 11 14 15 15 1 10 2
5 7 13 17 1 15 3 11 9 9 4 16 14 16 2 8 12
11 16 7 15 2 6 10 3 4 8 3 2 1 2 12 13 2
2 10 3 2 14 11 17 1 17 11 5 7 16 6 7 16 2
6 10 14 10 11 2 7 3 2 12 1 15 13 5 13 17 16
2 8 17 12 13 1 10 9 3 14 3 7 11 4 6 4 2
17 10 1 14 7 2 3 4 10 12 16 4 7 9 4 6 8