3 16 12 6 15 11 13 7 12 16 11 8 3 2 12 10 7
15 12 4 10 5 14 3 14 7 13 2 9 8 6 10 13 11
13 14 16 3 8 5 9 15 17 10 3 2 6 4 8 12 13
2 15 17 2 9 15 6 3 6 14 10 12 13 7 13 5 4
4 13 9 11 17 6 6 16 1 3 5 14 12 8 14 7 16
8 7 6 7 11 12 5 9 7 4 1 10 7 13 15 3 12
9 1 8 10 15 13 4 1 15 10 7 11 3 10 9 16 17
7 3 16 8 3 8 6 13 4 11 6 11 2 1 16 14 9
12 9 1 5 4 14 17 1 16 13 15 7 9 11 2 5 6
11 7 13 3 1 5 6 12 2 11 4 12 9 8 15 17 8
17 14 5 8 7 1 2 6 12 15 12 1 10 2 4 10 3
8 2 14 2 16 10 8 14 11 1 1 11 4 9 10 15 12
16 11 6 9 10 11 7 5 14 2 17 14 1 3 8 4 4
4 15 2 14 9 17 16 11 16 7 8 1 5 12 9 4 7
6 15 15 7 12 4 1 8 11 14 11 3 11 5 7 9 16
10 8 7 15 14 4 11 11 9 1 12 4 13 16 6 2 5
2 3 5 16 14 7 12 10 15 5 9 4 11 17 3 6 6