3 13 9 11 3 16 5 14 12 8 7 17 7 10 15 5 2
13 1 13 11 2 13 16 3 7 7 15 10 1 14 2 5 4
15 15 10 4 8 13 2 12 2 14 16 6 9 15 7 11 2
14 17 12 15 6 10 6 4 4 5 2 1 13 7 8 11 3
10 14 10 7 11 4 2 3 9 6 5 16 3 2 15 12 15
7 17 3 1 6 5 1 1 14 16 1 13 12 9 2 17 15
14 8 16 5 13 9 13 6 2 2 4 3 7 12 14 15 14
11 3 11 12 4 15 4 1 13 9 1 5 2 5 16 5 7
14 12 4 16 5 3 2 2 8 11 13 7 11 17 11 16 9
16 9 13 6 16 8 14 2 3 2 1 12 13 13 4 7 5
3 11 7 16 3 2 10 13 10 1 8 1 4 15 1 14 1
2 6 13 8 4 3 13 5 1 5 3 4 14 6 11 7 9
13 4 5 11 14 7 12 9 4 15 17 8 8 1 6 2 11
4 6 2 1 15 12 11 3 17 3 9 2 8 6 14 8 16
2 16 6 16 9 7 17 1 2 7 1 4 15 8 10 3 1
9 2 14 17 3 1 7 16 15 13 6 11 15 4 3 8 10
1 2 17 2 7 16 3 8 6 4 9 15 16 8 14 9 9