12 12 6 3 9 17 7 1 6 16 15 9 9 4 1 14 2
8 3 15 12 6 9 9 16 7 8 11 4 13 2 5 10 12
7 16 7 8 9 6 9 17 13 15 4 2 10 14 1 10 12
17 5 17 1 15 14 2 4 11 8 4 6 16 1 1 4 3
17 6 11 9 11 13 12 10 8 7 1 2 13 15 2 16 16
15 17 8 12 10 7 10 13 11 1 3 11 2 11 4 16 9
6 4 5 4 7 10 11 2 9 13 17 13 8 12 8 1 16
1 2 1 5 12 14 16 14 4 14 13 11 6 8 7 1 10
2 3 13 16 7 12 2 11 17 10 4 1 8 7 15 9 13
14 9 2 4 17 5 3 5 1 12 8 12 15 9 16 10 11
1 1 10 6 2 9 5 3 16 13 11 7 3 8 15 12 15
16 7 12 11 17 15 1 6 1 9 3 8 14 7 13 10 1
5 15 13 10 13 1 6 3 2 17 9 9 8 5 14 11 14
3 11 16 1 9 8 9 4 15 4 10 2 17 13 12 7 6
1 4 1 2 10 11 8 14 9 12 1 17 1 5 3 1 7
10 8 4 2 1 2 15 8 13 11 7 16 7 6 14 3 14
11 12 9 13 1 16 8 8 14 8 2 8 7 10 5 17 5