5 15 2 6 3 10 6 3 14 3 1 8 11 17 4 8 9
15 3 7 9 1 16 2 3 5 14 11 5 8 16 5 12 17
3 12 7 6 14 15 4 1 8 9 8 2 16 15 17 10 17
9 5 15 14 4 11 7 13 13 10 12 6 8 3 16 8 8
5 4 6 15 12 17 13 16 13 7 2 9 10 11 5 14 1
2 16 13 16 7 7 15 6 10 12 4 11 6 16 1 12 3
10 7 9 5 2 1 2 17 9 15 9 9 14 12 2 13 6
6 1 6 16 9 14 8 12 7 4 5 5 3 11 13 11 3
12 8 2 7 11 4 17 9 16 5 16 10 1 13 1 6 15
4 6 12 6 10 5 4 7 15 17 3 17 17 8 11 2 17
11 13 1 2 6 2 16 1 9 3 9 5 12 7 14 7 4
7 11 14 8 1 4 8 9 9 17 15 13 3 6 3 1 10
14 2 1 4 17 3 10 6 11 2 8 7 5 10 15 16 13
7 13 17 10 4 1 9 8 1 6 15 14 15 7 16 1 6
17 10 10 3 3 8 6 5 6 1 13 1 7 15 12 15 11
5 14 5 10 8 13 1 7 3 11 6 7 11 16 9 15 12
5 16 4 3 15 6 12 11 17 12 10 8 13 14 5 9 9