10 11 9 3 17 7 6 1 8 3 12 3 5 14 16 13 14
3 9 11 6 4 1 15 1 7 12 2 16 17 13 11 10 1
16 15 1 14 7 14 2 8 13 3 15 10 12 9 8 17 8
10 12 15 11 1 3 1 16 8 6 2 2 9 2 7 5 10
9 15 14 4 16 6 16 12 3 1 13 11 4 7 13 8 1
14 13 5 17 3 2 3 4 3 8 7 1 12 13 13 7 12
15 3 14 14 9 5 8 13 2 13 7 7 11 10 4 4 6
6 4 2 14 15 10 1 8 4 13 5 17 1 12 3 11 3
7 1 16 13 9 8 14 10 10 4 7 2 6 11 13 12 17
2 4 12 5 10 5 4 14 15 14 17 2 1 16 9 1 3
11 17 4 10 2 11 3 9 6 5 1 15 8 5 13 16 13
17 14 6 7 12 15 13 1 16 10 7 5 1 8 1 9 11
11 10 11 1 13 4 3 14 17 17 16 6 15 6 11 3 13
7 2 8 7 6 5 11 5 1 16 9 4 10 3 17 14 11
8 7 7 16 8 12 7 17 9 6 10 6 7 4 14 1 15
5 4 4 10 8 5 7 3 11 9 6 3 14 3 4 15 4
10 4 13 8 11 16 10 7 12 15 7 9 3 10 6 2 5